5.801953125000000000e+01
1.302851562500000000e+02
5.916796875000000000e+01
1.522695312500000000e+02
6.031640625000000000e+01
1.742539062500000000e+02
6.376171875000000000e+01
1.946679687500000000e+02
7.180078125000000000e+01
2.103710937500000000e+02
8.558203125000000000e+01
2.197929687500000000e+02
9.936328125000000000e+01
2.245039062500000000e+02
1.154414062500000000e+02
2.260742187500000000e+02
1.292226562500000000e+02
2.260742187500000000e+02
1.453007812500000000e+02
2.260742187500000000e+02
1.590820312500000000e+02
2.229335937500000000e+02
1.717148437500000000e+02
2.150820312500000000e+02
1.809023437500000000e+02
2.056601562500000000e+02
1.900898437500000000e+02
1.899570312500000000e+02
1.946835937500000000e+02
1.679726562500000000e+02
1.958320312500000000e+02
1.491289062500000000e+02
1.969804687500000000e+02
1.255742187500000000e+02
7.065234375000000000e+01
1.051601562500000000e+02
8.098828125000000000e+01
1.004492187500000000e+02
9.132421875000000000e+01
1.004492187500000000e+02
1.022343750000000000e+02
1.020195312500000000e+02
1.137187500000000000e+02
1.051601562500000000e+02
1.407070312500000000e+02
1.028046875000000000e+02
1.516171875000000000e+02
1.004492187500000000e+02
1.625273437500000000e+02
9.730859375000000000e+01
1.734375000000000000e+02
9.573828125000000000e+01
1.843476562500000000e+02
9.887890625000000000e+01
1.280742187500000000e+02
1.208632812500000000e+02
1.292226562500000000e+02
1.318554687500000000e+02
1.292226562500000000e+02
1.428476562500000000e+02
1.292226562500000000e+02
1.538398437500000000e+02
1.154414062500000000e+02
1.679726562500000000e+02
1.223320312500000000e+02
1.679726562500000000e+02
1.292226562500000000e+02
1.679726562500000000e+02
1.361132812500000000e+02
1.679726562500000000e+02
1.441523437500000000e+02
1.679726562500000000e+02
8.328515625000000000e+01
1.224335937500000000e+02
8.902734375000000000e+01
1.161523437500000000e+02
1.051054687500000000e+02
1.161523437500000000e+02
1.108476562500000000e+02
1.240039062500000000e+02
1.039570312500000000e+02
1.255742187500000000e+02
9.017578125000000000e+01
1.255742187500000000e+02
1.464492187500000000e+02
1.240039062500000000e+02
1.521914062500000000e+02
1.161523437500000000e+02
1.671210937500000000e+02
1.145820312500000000e+02
1.740117187500000000e+02
1.192929687500000000e+02
1.671210937500000000e+02
1.240039062500000000e+02
1.533398437500000000e+02
1.255742187500000000e+02
1.051054687500000000e+02
1.930976562500000000e+02
1.142929687500000000e+02
1.852460937500000000e+02
1.246289062500000000e+02
1.805351562500000000e+02
1.292226562500000000e+02
1.821054687500000000e+02
1.338164062500000000e+02
1.821054687500000000e+02
1.441523437500000000e+02
1.852460937500000000e+02
1.533398437500000000e+02
1.915273437500000000e+02
1.464492187500000000e+02
1.962382812500000000e+02
1.372617187500000000e+02
1.993789062500000000e+02
1.292226562500000000e+02
1.993789062500000000e+02
1.211835937500000000e+02
1.993789062500000000e+02
1.131445312500000000e+02
1.962382812500000000e+02
1.074023437500000000e+02
1.915273437500000000e+02
1.177382812500000000e+02
1.899570312500000000e+02
1.292226562500000000e+02
1.883867187500000000e+02
1.407070312500000000e+02
1.899570312500000000e+02
1.521914062500000000e+02
1.915273437500000000e+02
1.407070312500000000e+02
1.899570312500000000e+02
1.292226562500000000e+02
1.899570312500000000e+02
1.177382812500000000e+02
1.899570312500000000e+02
