6.104296875000000000e+01
1.088164062500000000e+02
6.011328125000000000e+01
1.258085937500000000e+02
6.011328125000000000e+01
1.450664062500000000e+02
6.011328125000000000e+01
1.631914062500000000e+02
6.290234375000000000e+01
1.813164062500000000e+02
7.591796875000000000e+01
1.971757812500000000e+02
8.893359375000000000e+01
2.039726562500000000e+02
1.028789062500000000e+02
2.107695312500000000e+02
1.177539062500000000e+02
2.130351562500000000e+02
1.298398437500000000e+02
2.130351562500000000e+02
1.400664062500000000e+02
2.085039062500000000e+02
1.493632812500000000e+02
1.994414062500000000e+02
1.568007812500000000e+02
1.892460937500000000e+02
1.623789062500000000e+02
1.767851562500000000e+02
1.670273437500000000e+02
1.631914062500000000e+02
1.707460937500000000e+02
1.484648437500000000e+02
1.707460937500000000e+02
1.337382812500000000e+02
8.707421875000000000e+01
9.862109375000000000e+01
9.590625000000000000e+01
9.522265625000000000e+01
1.052031250000000000e+02
9.918750000000000000e+01
1.126406250000000000e+02
1.037187500000000000e+02
1.205429687500000000e+02
1.099492187500000000e+02
1.433203125000000000e+02
1.150468750000000000e+02
1.498281250000000000e+02
1.150468750000000000e+02
1.563359375000000000e+02
1.150468750000000000e+02
1.628437500000000000e+02
1.178789062500000000e+02
1.679570312500000000e+02
1.212773437500000000e+02
1.326289062500000000e+02
1.246757812500000000e+02
1.335585937500000000e+02
1.360039062500000000e+02
1.335585937500000000e+02
1.484648437500000000e+02
1.344882812500000000e+02
1.586601562500000000e+02
1.177539062500000000e+02
1.620585937500000000e+02
1.233320312500000000e+02
1.643242187500000000e+02
1.298398437500000000e+02
1.665898437500000000e+02
1.363476562500000000e+02
1.665898437500000000e+02
1.419257812500000000e+02
1.654570312500000000e+02
9.172265625000000000e+01
1.122148437500000000e+02
9.823046875000000000e+01
1.088164062500000000e+02
1.103164062500000000e+02
1.133476562500000000e+02
1.140351562500000000e+02
1.212773437500000000e+02
1.075273437500000000e+02
1.212773437500000000e+02
9.637109375000000000e+01
1.167460937500000000e+02
1.428554687500000000e+02
1.280742187500000000e+02
1.484335937500000000e+02
1.235429687500000000e+02
1.586601562500000000e+02
1.269414062500000000e+02
1.614492187500000000e+02
1.314726562500000000e+02
1.568007812500000000e+02
1.337382812500000000e+02
1.484335937500000000e+02
1.314726562500000000e+02
9.358203125000000000e+01
1.722539062500000000e+02
1.103164062500000000e+02
1.745195312500000000e+02
1.233320312500000000e+02
1.767851562500000000e+02
1.270507812500000000e+02
1.779179687500000000e+02
1.316992187500000000e+02
1.779179687500000000e+02
1.391367187500000000e+02
1.813164062500000000e+02
1.428554687500000000e+02
1.892460937500000000e+02
1.372773437500000000e+02
1.915117187500000000e+02
1.307695312500000000e+02
1.903789062500000000e+02
1.242617187500000000e+02
1.892460937500000000e+02
1.149648437500000000e+02
1.858476562500000000e+02
1.038085937500000000e+02
1.824492187500000000e+02
9.730078125000000000e+01
1.745195312500000000e+02
1.131054687500000000e+02
1.790507812500000000e+02
1.261210937500000000e+02
1.824492187500000000e+02
1.344882812500000000e+02
1.847148437500000000e+02
1.419257812500000000e+02
1.881132812500000000e+02
1.344882812500000000e+02
1.847148437500000000e+02
1.251914062500000000e+02
1.824492187500000000e+02
1.131054687500000000e+02
1.790507812500000000e+02
