6.285156250000000000e+01
1.217421875000000000e+02
6.285156250000000000e+01
1.406328125000000000e+02
6.285156250000000000e+01
1.609765625000000000e+02
6.500781250000000000e+01
1.842265625000000000e+02
7.147656250000000000e+01
2.016640625000000000e+02
8.333593750000000000e+01
2.147421875000000000e+02
9.735156250000000000e+01
2.220078125000000000e+02
1.124453125000000000e+02
2.249140625000000000e+02
1.275390625000000000e+02
2.263671875000000000e+02
1.426328125000000000e+02
2.263671875000000000e+02
1.566484375000000000e+02
2.234609375000000000e+02
1.695859375000000000e+02
2.147421875000000000e+02
1.803671875000000000e+02
2.031171875000000000e+02
1.879140625000000000e+02
1.856796875000000000e+02
1.911484375000000000e+02
1.667890625000000000e+02
1.922265625000000000e+02
1.464453125000000000e+02
1.922265625000000000e+02
1.275546875000000000e+02
7.471093750000000000e+01
1.057578125000000000e+02
8.495312500000000000e+01
9.703906250000000000e+01
9.411718750000000000e+01
9.558593750000000000e+01
1.048984375000000000e+02
9.631250000000000000e+01
1.146015625000000000e+02
9.921875000000000000e+01
1.420937500000000000e+02
1.021250000000000000e+02
1.517968750000000000e+02
1.006718750000000000e+02
1.620390625000000000e+02
9.994531250000000000e+01
1.712031250000000000e+02
9.921875000000000000e+01
1.803671875000000000e+02
1.043046875000000000e+02
1.275390625000000000e+02
1.202890625000000000e+02
1.275390625000000000e+02
1.304609375000000000e+02
1.275390625000000000e+02
1.420859375000000000e+02
1.286171875000000000e+02
1.522578125000000000e+02
1.124453125000000000e+02
1.667890625000000000e+02
1.199921875000000000e+02
1.667890625000000000e+02
1.275390625000000000e+02
1.682421875000000000e+02
1.350859375000000000e+02
1.667890625000000000e+02
1.426328125000000000e+02
1.667890625000000000e+02
8.441406250000000000e+01
1.188359375000000000e+02
8.980468750000000000e+01
1.159296875000000000e+02
1.038203125000000000e+02
1.159296875000000000e+02
1.092109375000000000e+02
1.217421875000000000e+02
1.027421875000000000e+02
1.231953125000000000e+02
9.088281250000000000e+01
1.217421875000000000e+02
1.469453125000000000e+02
1.231953125000000000e+02
1.523359375000000000e+02
1.173828125000000000e+02
1.652734375000000000e+02
1.188359375000000000e+02
1.717421875000000000e+02
1.217421875000000000e+02
1.652734375000000000e+02
1.246484375000000000e+02
1.534140625000000000e+02
1.246484375000000000e+02
1.016640625000000000e+02
1.900390625000000000e+02
1.124453125000000000e+02
1.856796875000000000e+02
1.232265625000000000e+02
1.813203125000000000e+02
1.275390625000000000e+02
1.827734375000000000e+02
1.318515625000000000e+02
1.813203125000000000e+02
1.437109375000000000e+02
1.856796875000000000e+02
1.534140625000000000e+02
1.900390625000000000e+02
1.458671875000000000e+02
1.943984375000000000e+02
1.372421875000000000e+02
1.973046875000000000e+02
1.275390625000000000e+02
1.973046875000000000e+02
1.189140625000000000e+02
1.973046875000000000e+02
1.102890625000000000e+02
1.943984375000000000e+02
1.038203125000000000e+02
1.900390625000000000e+02
1.156796875000000000e+02
1.885859375000000000e+02
1.275390625000000000e+02
1.885859375000000000e+02
1.404765625000000000e+02
1.885859375000000000e+02
1.523359375000000000e+02
1.900390625000000000e+02
1.404765625000000000e+02
1.885859375000000000e+02
1.275390625000000000e+02
1.885859375000000000e+02
1.156796875000000000e+02
1.885859375000000000e+02
