5.537890625000000000e+01
1.292578125000000000e+02
5.537890625000000000e+01
1.505859375000000000e+02
5.657421875000000000e+01
1.719140625000000000e+02
6.016015625000000000e+01
1.948828125000000000e+02
6.972265625000000000e+01
2.129296875000000000e+02
8.287109375000000000e+01
2.260546875000000000e+02
9.841015625000000000e+01
2.326171875000000000e+02
1.151445312500000000e+02
2.358984375000000000e+02
1.306835937500000000e+02
2.358984375000000000e+02
1.462226562500000000e+02
2.358984375000000000e+02
1.605664062500000000e+02
2.309765625000000000e+02
1.737148437500000000e+02
2.211328125000000000e+02
1.856679687500000000e+02
2.063671875000000000e+02
1.940351562500000000e+02
1.883203125000000000e+02
1.976210937500000000e+02
1.686328125000000000e+02
1.976210937500000000e+02
1.456640625000000000e+02
1.976210937500000000e+02
1.226953125000000000e+02
7.091796875000000000e+01
1.079296875000000000e+02
8.048046875000000000e+01
1.013671875000000000e+02
9.004296875000000000e+01
1.005468750000000000e+02
9.960546875000000000e+01
1.005468750000000000e+02
1.103632812500000000e+02
1.030078125000000000e+02
1.438320312500000000e+02
1.062890625000000000e+02
1.539921875000000000e+02
1.021875000000000000e+02
1.641523437500000000e+02
1.005468750000000000e+02
1.749101562500000000e+02
1.021875000000000000e+02
1.844726562500000000e+02
1.112109375000000000e+02
1.282929687500000000e+02
1.210546875000000000e+02
1.294882812500000000e+02
1.325390625000000000e+02
1.294882812500000000e+02
1.440234375000000000e+02
1.294882812500000000e+02
1.555078125000000000e+02
1.115585937500000000e+02
1.637109375000000000e+02
1.211210937500000000e+02
1.669921875000000000e+02
1.294882812500000000e+02
1.686328125000000000e+02
1.378554687500000000e+02
1.669921875000000000e+02
1.450273437500000000e+02
1.637109375000000000e+02
8.406640625000000000e+01
1.210546875000000000e+02
9.004296875000000000e+01
1.177734375000000000e+02
1.031914062500000000e+02
1.177734375000000000e+02
1.103632812500000000e+02
1.226953125000000000e+02
1.031914062500000000e+02
1.243359375000000000e+02
9.004296875000000000e+01
1.243359375000000000e+02
1.450273437500000000e+02
1.226953125000000000e+02
1.521992187500000000e+02
1.177734375000000000e+02
1.665429687500000000e+02
1.177734375000000000e+02
1.713242187500000000e+02
1.210546875000000000e+02
1.665429687500000000e+02
1.243359375000000000e+02
1.521992187500000000e+02
1.243359375000000000e+02
9.721484375000000000e+01
1.883203125000000000e+02
1.115585937500000000e+02
1.817578125000000000e+02
1.247070312500000000e+02
1.801171875000000000e+02
1.294882812500000000e+02
1.801171875000000000e+02
1.342695312500000000e+02
1.801171875000000000e+02
1.486132812500000000e+02
1.817578125000000000e+02
1.629570312500000000e+02
1.850390625000000000e+02
1.533945312500000000e+02
1.948828125000000000e+02
1.426367187500000000e+02
2.047265625000000000e+02
1.294882812500000000e+02
2.063671875000000000e+02
1.175351562500000000e+02
2.047265625000000000e+02
1.067773437500000000e+02
1.981640625000000000e+02
9.960546875000000000e+01
1.883203125000000000e+02
1.139492187500000000e+02
1.850390625000000000e+02
1.294882812500000000e+02
1.850390625000000000e+02
1.450273437500000000e+02
1.850390625000000000e+02
1.605664062500000000e+02
1.866796875000000000e+02
1.450273437500000000e+02
1.948828125000000000e+02
1.294882812500000000e+02
1.981640625000000000e+02
1.139492187500000000e+02
1.965234375000000000e+02
