6.271093750000000000e+01
1.189296875000000000e+02
6.271093750000000000e+01
1.378203125000000000e+02
6.480468750000000000e+01
1.567109375000000000e+02
6.794531250000000000e+01
1.741484375000000000e+02
7.527343750000000000e+01
1.930390625000000000e+02
8.469531250000000000e+01
2.075703125000000000e+02
9.621093750000000000e+01
2.191953125000000000e+02
1.098203125000000000e+02
2.279140625000000000e+02
1.244765625000000000e+02
2.293671875000000000e+02
1.401796875000000000e+02
2.293671875000000000e+02
1.548359375000000000e+02
2.235546875000000000e+02
1.663515625000000000e+02
2.119296875000000000e+02
1.768203125000000000e+02
1.973984375000000000e+02
1.831015625000000000e+02
1.799609375000000000e+02
1.872890625000000000e+02
1.596171875000000000e+02
1.883359375000000000e+02
1.407265625000000000e+02
1.883359375000000000e+02
1.218359375000000000e+02
7.003906250000000000e+01
1.116640625000000000e+02
8.050781250000000000e+01
1.029453125000000000e+02
9.202343750000000000e+01
1.036718750000000000e+02
1.035390625000000000e+02
1.051250000000000000e+02
1.140078125000000000e+02
1.080312500000000000e+02
1.422734375000000000e+02
1.094843750000000000e+02
1.527421875000000000e+02
1.065781250000000000e+02
1.637343750000000000e+02
1.058515625000000000e+02
1.747265625000000000e+02
1.058515625000000000e+02
1.851953125000000000e+02
1.131171875000000000e+02
1.276171875000000000e+02
1.218359375000000000e+02
1.276171875000000000e+02
1.349140625000000000e+02
1.276171875000000000e+02
1.479921875000000000e+02
1.276171875000000000e+02
1.610703125000000000e+02
1.140078125000000000e+02
1.683359375000000000e+02
1.202890625000000000e+02
1.697890625000000000e+02
1.265703125000000000e+02
1.712421875000000000e+02
1.338984375000000000e+02
1.697890625000000000e+02
1.401796875000000000e+02
1.697890625000000000e+02
8.364843750000000000e+01
1.203828125000000000e+02
8.888281250000000000e+01
1.160234375000000000e+02
1.045859375000000000e+02
1.160234375000000000e+02
1.098203125000000000e+02
1.218359375000000000e+02
1.035390625000000000e+02
1.232890625000000000e+02
8.888281250000000000e+01
1.232890625000000000e+02
1.433203125000000000e+02
1.232890625000000000e+02
1.516953125000000000e+02
1.174765625000000000e+02
1.663515625000000000e+02
1.174765625000000000e+02
1.715859375000000000e+02
1.232890625000000000e+02
1.653046875000000000e+02
1.247421875000000000e+02
1.527421875000000000e+02
1.247421875000000000e+02
9.830468750000000000e+01
1.843203125000000000e+02
1.098203125000000000e+02
1.843203125000000000e+02
1.213359375000000000e+02
1.843203125000000000e+02
1.255234375000000000e+02
1.843203125000000000e+02
1.297109375000000000e+02
1.843203125000000000e+02
1.412265625000000000e+02
1.857734375000000000e+02
1.516953125000000000e+02
1.872265625000000000e+02
1.433203125000000000e+02
1.944921875000000000e+02
1.349453125000000000e+02
2.003046875000000000e+02
1.255234375000000000e+02
2.003046875000000000e+02
1.150546875000000000e+02
1.988515625000000000e+02
1.066796875000000000e+02
1.944921875000000000e+02
1.003984375000000000e+02
1.857734375000000000e+02
1.129609375000000000e+02
1.886796875000000000e+02
1.255234375000000000e+02
1.901328125000000000e+02
1.380859375000000000e+02
1.901328125000000000e+02
1.506484375000000000e+02
1.886796875000000000e+02
1.380859375000000000e+02
1.901328125000000000e+02
1.255234375000000000e+02
1.901328125000000000e+02
1.129609375000000000e+02
1.886796875000000000e+02
