4.394140625000000000e+01
1.487812500000000000e+02
4.526171875000000000e+01
1.675312500000000000e+02
4.658203125000000000e+01
1.894062500000000000e+02
4.922265625000000000e+01
2.112812500000000000e+02
5.450390625000000000e+01
2.269062500000000000e+02
6.110546875000000000e+01
2.394062500000000000e+02
1.046757812500000000e+02
2.425312500000000000e+02
1.165585937500000000e+02
2.456562500000000000e+02
1.324023437500000000e+02
1.987812500000000000e+02
1.244804687500000000e+02
1.987812500000000000e+02
1.614492187500000000e+02
2.425312500000000000e+02
1.825742187500000000e+02
2.394062500000000000e+02
1.904960937500000000e+02
2.269062500000000000e+02
1.944570312500000000e+02
2.144062500000000000e+02
1.997382812500000000e+02
1.956562500000000000e+02
2.023789062500000000e+02
1.737812500000000000e+02
2.023789062500000000e+02
1.487812500000000000e+02
6.374609375000000000e+01
1.269062500000000000e+02
7.496875000000000000e+01
1.206562500000000000e+02
8.751171875000000000e+01
1.206562500000000000e+02
9.939453125000000000e+01
1.222187500000000000e+02
1.112773437500000000e+02
1.253437500000000000e+02
1.442851562500000000e+02
1.269062500000000000e+02
1.568281250000000000e+02
1.237812500000000000e+02
1.680507812500000000e+02
1.222187500000000000e+02
1.799335937500000000e+02
1.237812500000000000e+02
1.904960937500000000e+02
1.331562500000000000e+02
1.271210937500000000e+02
1.456562500000000000e+02
1.271210937500000000e+02
1.581562500000000000e+02
1.271210937500000000e+02
1.706562500000000000e+02
1.271210937500000000e+02
1.800312500000000000e+02
1.073164062500000000e+02
1.956562500000000000e+02
1.165585937500000000e+02
1.956562500000000000e+02
1.258007812500000000e+02
1.956562500000000000e+02
1.376835937500000000e+02
1.956562500000000000e+02
1.482460937500000000e+02
1.956562500000000000e+02
7.298828125000000000e+01
1.487812500000000000e+02
7.958984375000000000e+01
1.425312500000000000e+02
9.675390625000000000e+01
1.425312500000000000e+02
1.046757812500000000e+02
1.487812500000000000e+02
9.675390625000000000e+01
1.519062500000000000e+02
7.958984375000000000e+01
1.519062500000000000e+02
1.482460937500000000e+02
1.519062500000000000e+02
1.561679687500000000e+02
1.425312500000000000e+02
1.746523437500000000e+02
1.456562500000000000e+02
1.812539062500000000e+02
1.487812500000000000e+02
1.746523437500000000e+02
1.519062500000000000e+02
1.574882812500000000e+02
1.550312500000000000e+02
9.411328125000000000e+01
2.269062500000000000e+02
1.059960937500000000e+02
2.175312500000000000e+02
1.205195312500000000e+02
2.144062500000000000e+02
1.258007812500000000e+02
2.144062500000000000e+02
1.310820312500000000e+02
2.144062500000000000e+02
1.456054687500000000e+02
2.175312500000000000e+02
1.574882812500000000e+02
2.237812500000000000e+02
1.508867187500000000e+02
2.362812500000000000e+02
1.403242187500000000e+02
2.425312500000000000e+02
1.271210937500000000e+02
2.425312500000000000e+02
1.139179687500000000e+02
2.425312500000000000e+02
1.033554687500000000e+02
2.362812500000000000e+02
9.675390625000000000e+01
2.269062500000000000e+02
1.112773437500000000e+02
2.237812500000000000e+02
1.271210937500000000e+02
2.237812500000000000e+02
1.416445312500000000e+02
2.237812500000000000e+02
1.561679687500000000e+02
2.237812500000000000e+02
1.416445312500000000e+02
2.237812500000000000e+02
1.271210937500000000e+02
2.269062500000000000e+02
1.112773437500000000e+02
2.300312500000000000e+02
