6.595703125000000000e+01
1.216523437500000000e+02
6.595703125000000000e+01
1.412539062500000000e+02
6.595703125000000000e+01
1.623632812500000000e+02
6.816015625000000000e+01
1.834726562500000000e+02
7.366796875000000000e+01
2.015664062500000000e+02
8.248046875000000000e+01
2.151367187500000000e+02
9.569921875000000000e+01
2.256914062500000000e+02
1.089179687500000000e+02
2.317226562500000000e+02
1.232382812500000000e+02
2.332304687500000000e+02
1.408632812500000000e+02
2.332304687500000000e+02
1.573867187500000000e+02
2.287070312500000000e+02
1.717070312500000000e+02
2.211679687500000000e+02
1.849257812500000000e+02
2.075976562500000000e+02
1.948398437500000000e+02
1.925195312500000000e+02
1.981445312500000000e+02
1.714101562500000000e+02
1.981445312500000000e+02
1.487929687500000000e+02
1.981445312500000000e+02
1.231601562500000000e+02
7.036328125000000000e+01
1.126054687500000000e+02
7.862500000000000000e+01
1.020507812500000000e+02
8.853906250000000000e+01
1.005429687500000000e+02
9.845312500000000000e+01
1.012968750000000000e+02
1.078164062500000000e+02
1.050664062500000000e+02
1.419648437500000000e+02
1.043125000000000000e+02
1.524296875000000000e+02
1.012968750000000000e+02
1.650976562500000000e+02
9.903515625000000000e+01
1.772148437500000000e+02
1.012968750000000000e+02
1.882304687500000000e+02
1.095898437500000000e+02
1.243398437500000000e+02
1.201445312500000000e+02
1.243398437500000000e+02
1.322070312500000000e+02
1.232382812500000000e+02
1.442695312500000000e+02
1.232382812500000000e+02
1.563320312500000000e+02
1.078164062500000000e+02
1.623632812500000000e+02
1.155273437500000000e+02
1.638710937500000000e+02
1.243398437500000000e+02
1.668867187500000000e+02
1.331523437500000000e+02
1.638710937500000000e+02
1.419648437500000000e+02
1.623632812500000000e+02
8.137890625000000000e+01
1.216523437500000000e+02
8.688671875000000000e+01
1.171289062500000000e+02
1.023085937500000000e+02
1.171289062500000000e+02
1.089179687500000000e+02
1.231601562500000000e+02
1.012070312500000000e+02
1.246679687500000000e+02
8.688671875000000000e+01
1.246679687500000000e+02
1.452695312500000000e+02
1.231601562500000000e+02
1.518789062500000000e+02
1.171289062500000000e+02
1.684023437500000000e+02
1.171289062500000000e+02
1.739101562500000000e+02
1.216523437500000000e+02
1.673007812500000000e+02
1.246679687500000000e+02
1.529804687500000000e+02
1.246679687500000000e+02
9.459765625000000000e+01
1.849804687500000000e+02
1.067148437500000000e+02
1.774414062500000000e+02
1.199335937500000000e+02
1.744257812500000000e+02
1.243398437500000000e+02
1.759335937500000000e+02
1.287460937500000000e+02
1.759335937500000000e+02
1.441679687500000000e+02
1.774414062500000000e+02
1.584882812500000000e+02
1.849804687500000000e+02
1.485742187500000000e+02
1.955351562500000000e+02
1.364570312500000000e+02
2.030742187500000000e+02
1.243398437500000000e+02
2.045820312500000000e+02
1.133242187500000000e+02
2.015664062500000000e+02
1.034101562500000000e+02
1.940273437500000000e+02
9.680078125000000000e+01
1.849804687500000000e+02
1.100195312500000000e+02
1.819648437500000000e+02
1.243398437500000000e+02
1.819648437500000000e+02
1.408632812500000000e+02
1.819648437500000000e+02
1.573867187500000000e+02
1.849804687500000000e+02
1.419648437500000000e+02
1.925195312500000000e+02
1.254414062500000000e+02
1.955351562500000000e+02
1.100195312500000000e+02
1.925195312500000000e+02
