5.813281250000000000e+01
1.227773437500000000e+02
5.813281250000000000e+01
1.432304687500000000e+02
5.927343750000000000e+01
1.636835937500000000e+02
6.155468750000000000e+01
1.841367187500000000e+02
6.953906250000000000e+01
2.016679687500000000e+02
8.208593750000000000e+01
2.148164062500000000e+02
9.577343750000000000e+01
2.250429687500000000e+02
1.117421875000000000e+02
2.308867187500000000e+02
1.265703125000000000e+02
2.323476562500000000e+02
1.436796875000000000e+02
2.308867187500000000e+02
1.585078125000000000e+02
2.235820312500000000e+02
1.733359375000000000e+02
2.133554687500000000e+02
1.847421875000000000e+02
2.002070312500000000e+02
1.938671875000000000e+02
1.826757812500000000e+02
1.950078125000000000e+02
1.607617187500000000e+02
1.950078125000000000e+02
1.417695312500000000e+02
1.950078125000000000e+02
1.213164062500000000e+02
6.839843750000000000e+01
1.096289062500000000e+02
7.866406250000000000e+01
1.008632812500000000e+02
9.121093750000000000e+01
1.001328125000000000e+02
1.031875000000000000e+02
1.001328125000000000e+02
1.151640625000000000e+02
1.030546875000000000e+02
1.436796875000000000e+02
1.037851562500000000e+02
1.539453125000000000e+02
1.001328125000000000e+02
1.653515625000000000e+02
9.794140625000000000e+01
1.756171875000000000e+02
9.867187500000000000e+01
1.847421875000000000e+02
1.081679687500000000e+02
1.299921875000000000e+02
1.198554687500000000e+02
1.299921875000000000e+02
1.315429687500000000e+02
1.299921875000000000e+02
1.432304687500000000e+02
1.299921875000000000e+02
1.549179687500000000e+02
1.140234375000000000e+02
1.651445312500000000e+02
1.220078125000000000e+02
1.651445312500000000e+02
1.299921875000000000e+02
1.666054687500000000e+02
1.368359375000000000e+02
1.651445312500000000e+02
1.436796875000000000e+02
1.651445312500000000e+02
8.322656250000000000e+01
1.213164062500000000e+02
8.892968750000000000e+01
1.169335937500000000e+02
1.037578125000000000e+02
1.169335937500000000e+02
1.094609375000000000e+02
1.227773437500000000e+02
1.026171875000000000e+02
1.242382812500000000e+02
8.892968750000000000e+01
1.242382812500000000e+02
1.459609375000000000e+02
1.227773437500000000e+02
1.528046875000000000e+02
1.169335937500000000e+02
1.664921875000000000e+02
1.169335937500000000e+02
1.721953125000000000e+02
1.213164062500000000e+02
1.664921875000000000e+02
1.227773437500000000e+02
1.528046875000000000e+02
1.242382812500000000e+02
1.014765625000000000e+02
1.855976562500000000e+02
1.128828125000000000e+02
1.812148437500000000e+02
1.242890625000000000e+02
1.797539062500000000e+02
1.288515625000000000e+02
1.797539062500000000e+02
1.334140625000000000e+02
1.797539062500000000e+02
1.448203125000000000e+02
1.812148437500000000e+02
1.550859375000000000e+02
1.841367187500000000e+02
1.471015625000000000e+02
1.929023437500000000e+02
1.391171875000000000e+02
1.972851562500000000e+02
1.288515625000000000e+02
1.987460937500000000e+02
1.185859375000000000e+02
1.972851562500000000e+02
1.094609375000000000e+02
1.929023437500000000e+02
1.026171875000000000e+02
1.855976562500000000e+02
1.163046875000000000e+02
1.855976562500000000e+02
1.288515625000000000e+02
1.870585937500000000e+02
1.413984375000000000e+02
1.870585937500000000e+02
1.539453125000000000e+02
1.855976562500000000e+02
1.413984375000000000e+02
1.870585937500000000e+02
1.288515625000000000e+02
1.870585937500000000e+02
1.151640625000000000e+02
1.870585937500000000e+02
