5.992187500000000000e+01
1.337695312500000000e+02
6.101562500000000000e+01
1.527617187500000000e+02
6.429687500000000000e+01
1.702929687500000000e+02
6.867187500000000000e+01
1.892851562500000000e+02
7.742187500000000000e+01
2.053554687500000000e+02
8.835937500000000000e+01
2.170429687500000000e+02
1.025781250000000000e+02
2.228867187500000000e+02
1.178906250000000000e+02
2.243476562500000000e+02
1.310156250000000000e+02
2.243476562500000000e+02
1.463281250000000000e+02
2.243476562500000000e+02
1.594531250000000000e+02
2.199648437500000000e+02
1.714843750000000000e+02
2.111992187500000000e+02
1.824218750000000000e+02
1.995117187500000000e+02
1.900781250000000000e+02
1.819804687500000000e+02
1.911718750000000000e+02
1.629882812500000000e+02
1.911718750000000000e+02
1.439960937500000000e+02
1.911718750000000000e+02
1.235429687500000000e+02
7.195312500000000000e+01
1.206210937500000000e+02
8.070312500000000000e+01
1.111250000000000000e+02
9.054687500000000000e+01
1.074726562500000000e+02
1.020312500000000000e+02
1.060117187500000000e+02
1.129687500000000000e+02
1.067421875000000000e+02
1.419531250000000000e+02
1.067421875000000000e+02
1.517968750000000000e+02
1.038203125000000000e+02
1.627343750000000000e+02
1.023593750000000000e+02
1.725781250000000000e+02
1.052812500000000000e+02
1.813281250000000000e+02
1.133164062500000000e+02
1.288281250000000000e+02
1.176992187500000000e+02
1.299218750000000000e+02
1.279257812500000000e+02
1.299218750000000000e+02
1.396132812500000000e+02
1.299218750000000000e+02
1.498398437500000000e+02
1.167968750000000000e+02
1.629882812500000000e+02
1.233593750000000000e+02
1.629882812500000000e+02
1.310156250000000000e+02
1.629882812500000000e+02
1.386718750000000000e+02
1.629882812500000000e+02
1.452343750000000000e+02
1.615273437500000000e+02
8.507812500000000000e+01
1.235429687500000000e+02
9.054687500000000000e+01
1.191601562500000000e+02
1.036718750000000000e+02
1.162382812500000000e+02
1.102343750000000000e+02
1.220820312500000000e+02
1.036718750000000000e+02
1.250039062500000000e+02
9.054687500000000000e+01
1.264648437500000000e+02
1.452343750000000000e+02
1.206210937500000000e+02
1.507031250000000000e+02
1.147773437500000000e+02
1.649218750000000000e+02
1.147773437500000000e+02
1.714843750000000000e+02
1.206210937500000000e+02
1.649218750000000000e+02
1.235429687500000000e+02
1.517968750000000000e+02
1.235429687500000000e+02
1.058593750000000000e+02
1.892851562500000000e+02
1.157031250000000000e+02
1.849023437500000000e+02
1.266406250000000000e+02
1.805195312500000000e+02
1.310156250000000000e+02
1.805195312500000000e+02
1.353906250000000000e+02
1.790585937500000000e+02
1.474218750000000000e+02
1.819804687500000000e+02
1.572656250000000000e+02
1.863632812500000000e+02
1.496093750000000000e+02
1.907460937500000000e+02
1.408593750000000000e+02
1.922070312500000000e+02
1.310156250000000000e+02
1.936679687500000000e+02
1.222656250000000000e+02
1.922070312500000000e+02
1.146093750000000000e+02
1.922070312500000000e+02
1.080468750000000000e+02
1.892851562500000000e+02
1.189843750000000000e+02
1.878242187500000000e+02
1.310156250000000000e+02
1.863632812500000000e+02
1.441406250000000000e+02
1.863632812500000000e+02
1.561718750000000000e+02
1.863632812500000000e+02
1.441406250000000000e+02
1.863632812500000000e+02
1.310156250000000000e+02
1.863632812500000000e+02
1.189843750000000000e+02
1.863632812500000000e+02
