6.378125000000000000e+01
1.219375000000000000e+02
6.484375000000000000e+01
1.370625000000000000e+02
6.803125000000000000e+01
1.563125000000000000e+02
7.228125000000000000e+01
1.741875000000000000e+02
7.971875000000000000e+01
1.906875000000000000e+02
9.034375000000000000e+01
2.016875000000000000e+02
1.020312500000000000e+02
2.126875000000000000e+02
1.158437500000000000e+02
2.195625000000000000e+02
1.296562500000000000e+02
2.195625000000000000e+02
1.455937500000000000e+02
2.195625000000000000e+02
1.604687500000000000e+02
2.140625000000000000e+02
1.710937500000000000e+02
2.044375000000000000e+02
1.827812500000000000e+02
1.906875000000000000e+02
1.902187500000000000e+02
1.741875000000000000e+02
1.912812500000000000e+02
1.535625000000000000e+02
1.912812500000000000e+02
1.356875000000000000e+02
1.912812500000000000e+02
1.178125000000000000e+02
7.121875000000000000e+01
1.136875000000000000e+02
7.971875000000000000e+01
1.040625000000000000e+02
9.087500000000000000e+01
1.040625000000000000e+02
1.025625000000000000e+02
1.054375000000000000e+02
1.131875000000000000e+02
1.075000000000000000e+02
1.424062500000000000e+02
1.061250000000000000e+02
1.519687500000000000e+02
1.040625000000000000e+02
1.636562500000000000e+02
1.020000000000000000e+02
1.737500000000000000e+02
1.013125000000000000e+02
1.827812500000000000e+02
1.068125000000000000e+02
1.275312500000000000e+02
1.219375000000000000e+02
1.275312500000000000e+02
1.329375000000000000e+02
1.275312500000000000e+02
1.453125000000000000e+02
1.275312500000000000e+02
1.576875000000000000e+02
1.147812500000000000e+02
1.659375000000000000e+02
1.211562500000000000e+02
1.673125000000000000e+02
1.285937500000000000e+02
1.686875000000000000e+02
1.349687500000000000e+02
1.673125000000000000e+02
1.413437500000000000e+02
1.645625000000000000e+02
8.396875000000000000e+01
1.233125000000000000e+02
8.928125000000000000e+01
1.191875000000000000e+02
1.052187500000000000e+02
1.191875000000000000e+02
1.115937500000000000e+02
1.246875000000000000e+02
1.041562500000000000e+02
1.260625000000000000e+02
8.928125000000000000e+01
1.274375000000000000e+02
1.445312500000000000e+02
1.233125000000000000e+02
1.519687500000000000e+02
1.164375000000000000e+02
1.657812500000000000e+02
1.164375000000000000e+02
1.721562500000000000e+02
1.205625000000000000e+02
1.657812500000000000e+02
1.246875000000000000e+02
1.519687500000000000e+02
1.246875000000000000e+02
1.041562500000000000e+02
1.824375000000000000e+02
1.137187500000000000e+02
1.810625000000000000e+02
1.243437500000000000e+02
1.783125000000000000e+02
1.285937500000000000e+02
1.796875000000000000e+02
1.328437500000000000e+02
1.783125000000000000e+02
1.445312500000000000e+02
1.810625000000000000e+02
1.562187500000000000e+02
1.824375000000000000e+02
1.477187500000000000e+02
1.893125000000000000e+02
1.392187500000000000e+02
1.948125000000000000e+02
1.285937500000000000e+02
1.961875000000000000e+02
1.200937500000000000e+02
1.948125000000000000e+02
1.115937500000000000e+02
1.893125000000000000e+02
1.052187500000000000e+02
1.824375000000000000e+02
1.169062500000000000e+02
1.851875000000000000e+02
1.285937500000000000e+02
1.851875000000000000e+02
1.413437500000000000e+02
1.851875000000000000e+02
1.540937500000000000e+02
1.838125000000000000e+02
1.413437500000000000e+02
1.851875000000000000e+02
1.285937500000000000e+02
1.851875000000000000e+02
1.169062500000000000e+02
1.851875000000000000e+02
