8.136718750000000000e+01
1.130351562500000000e+02
8.333593750000000000e+01
1.315039062500000000e+02
8.333593750000000000e+01
1.499726562500000000e+02
8.924218750000000000e+01
1.669023437500000000e+02
9.514843750000000000e+01
1.807539062500000000e+02
1.020390625000000000e+02
1.930664062500000000e+02
1.099140625000000000e+02
2.053789062500000000e+02
1.197578125000000000e+02
2.146132812500000000e+02
1.315703125000000000e+02
2.161523437500000000e+02
1.463359375000000000e+02
2.161523437500000000e+02
1.581484375000000000e+02
2.099960937500000000e+02
1.689765625000000000e+02
2.007617187500000000e+02
1.778359375000000000e+02
1.869101562500000000e+02
1.847265625000000000e+02
1.699804687500000000e+02
1.916171875000000000e+02
1.468945312500000000e+02
1.945703125000000000e+02
1.222695312500000000e+02
1.955546875000000000e+02
1.038007812500000000e+02
8.235156250000000000e+01
8.841015625000000000e+01
8.924218750000000000e+01
7.840625000000000000e+01
9.760937500000000000e+01
7.532812500000000000e+01
1.059765625000000000e+02
7.532812500000000000e+01
1.148359375000000000e+02
7.840625000000000000e+01
1.350156250000000000e+02
7.455859375000000000e+01
1.443671875000000000e+02
6.994140625000000000e+01
1.532265625000000000e+02
6.763281250000000000e+01
1.689765625000000000e+02
6.994140625000000000e+01
1.847265625000000000e+02
8.225390625000000000e+01
1.246796875000000000e+02
1.038007812500000000e+02
1.236953125000000000e+02
1.207304687500000000e+02
1.217265625000000000e+02
1.345820312500000000e+02
1.207421875000000000e+02
1.484335937500000000e+02
1.128671875000000000e+02
1.576679687500000000e+02
1.187734375000000000e+02
1.607460937500000000e+02
1.246796875000000000e+02
1.622851562500000000e+02
1.325546875000000000e+02
1.607460937500000000e+02
1.404296875000000000e+02
1.592070312500000000e+02
8.924218750000000000e+01
1.145742187500000000e+02
9.219531250000000000e+01
1.068789062500000000e+02
1.030234375000000000e+02
1.007226562500000000e+02
1.089296875000000000e+02
1.084179687500000000e+02
1.030234375000000000e+02
1.130351562500000000e+02
9.317968750000000000e+01
1.161132812500000000e+02
1.453515625000000000e+02
1.068789062500000000e+02
1.502734375000000000e+02
9.918359375000000000e+01
1.640546875000000000e+02
9.918359375000000000e+01
1.670078125000000000e+02
1.053398437500000000e+02
1.630703125000000000e+02
1.099570312500000000e+02
1.512578125000000000e+02
1.099570312500000000e+02
1.059765625000000000e+02
1.776757812500000000e+02
1.138515625000000000e+02
1.761367187500000000e+02
1.227109375000000000e+02
1.745976562500000000e+02
1.266484375000000000e+02
1.745976562500000000e+02
1.305859375000000000e+02
1.745976562500000000e+02
1.453515625000000000e+02
1.730585937500000000e+02
1.601171875000000000e+02
1.715195312500000000e+02
1.502734375000000000e+02
1.807539062500000000e+02
1.384609375000000000e+02
1.884492187500000000e+02
1.276328125000000000e+02
1.930664062500000000e+02
1.187734375000000000e+02
1.915273437500000000e+02
1.118828125000000000e+02
1.869101562500000000e+02
1.079453125000000000e+02
1.792148437500000000e+02
1.168046875000000000e+02
1.807539062500000000e+02
1.266484375000000000e+02
1.807539062500000000e+02
1.423984375000000000e+02
1.776757812500000000e+02
1.591328125000000000e+02
1.715195312500000000e+02
1.423984375000000000e+02
1.776757812500000000e+02
1.266484375000000000e+02
1.807539062500000000e+02
1.168046875000000000e+02
1.807539062500000000e+02
