6.202734375000000000e+01
1.177500000000000000e+02
6.202734375000000000e+01
1.372500000000000000e+02
6.314453125000000000e+01
1.567500000000000000e+02
6.649609375000000000e+01
1.762500000000000000e+02
7.431640625000000000e+01
1.927500000000000000e+02
8.548828125000000000e+01
2.062500000000000000e+02
9.889453125000000000e+01
2.182500000000000000e+02
1.123007812500000000e+02
2.257500000000000000e+02
1.279414062500000000e+02
2.272500000000000000e+02
1.435820312500000000e+02
2.257500000000000000e+02
1.581054687500000000e+02
2.182500000000000000e+02
1.715117187500000000e+02
2.092500000000000000e+02
1.826835937500000000e+02
1.957500000000000000e+02
1.916210937500000000e+02
1.792500000000000000e+02
1.960898437500000000e+02
1.582500000000000000e+02
1.960898437500000000e+02
1.387500000000000000e+02
1.960898437500000000e+02
1.177500000000000000e+02
6.984765625000000000e+01
1.072500000000000000e+02
7.990234375000000000e+01
1.027500000000000000e+02
9.107421875000000000e+01
1.035000000000000000e+02
1.028046875000000000e+02
1.050000000000000000e+02
1.139765625000000000e+02
1.087500000000000000e+02
1.435820312500000000e+02
1.072500000000000000e+02
1.541953125000000000e+02
1.042500000000000000e+02
1.653671875000000000e+02
1.027500000000000000e+02
1.765390625000000000e+02
1.035000000000000000e+02
1.871523437500000000e+02
1.072500000000000000e+02
1.279414062500000000e+02
1.207500000000000000e+02
1.268242187500000000e+02
1.357500000000000000e+02
1.268242187500000000e+02
1.507500000000000000e+02
1.268242187500000000e+02
1.627500000000000000e+02
1.111835937500000000e+02
1.672500000000000000e+02
1.190039062500000000e+02
1.687500000000000000e+02
1.268242187500000000e+02
1.717500000000000000e+02
1.357617187500000000e+02
1.702500000000000000e+02
1.435820312500000000e+02
1.672500000000000000e+02
8.213671875000000000e+01
1.207500000000000000e+02
8.772265625000000000e+01
1.162500000000000000e+02
1.033632812500000000e+02
1.162500000000000000e+02
1.100664062500000000e+02
1.237500000000000000e+02
1.033632812500000000e+02
1.252500000000000000e+02
8.772265625000000000e+01
1.252500000000000000e+02
1.458164062500000000e+02
1.237500000000000000e+02
1.525195312500000000e+02
1.162500000000000000e+02
1.681601562500000000e+02
1.162500000000000000e+02
1.737460937500000000e+02
1.207500000000000000e+02
1.681601562500000000e+02
1.252500000000000000e+02
1.525195312500000000e+02
1.252500000000000000e+02
9.889453125000000000e+01
1.852500000000000000e+02
1.111835937500000000e+02
1.837500000000000000e+02
1.234726562500000000e+02
1.822500000000000000e+02
1.279414062500000000e+02
1.822500000000000000e+02
1.324101562500000000e+02
1.822500000000000000e+02
1.446992187500000000e+02
1.837500000000000000e+02
1.569882812500000000e+02
1.837500000000000000e+02
1.480507812500000000e+02
1.942500000000000000e+02
1.379960937500000000e+02
2.017500000000000000e+02
1.279414062500000000e+02
2.032500000000000000e+02
1.167695312500000000e+02
2.017500000000000000e+02
1.078320312500000000e+02
1.942500000000000000e+02
1.011289062500000000e+02
1.852500000000000000e+02
1.145351562500000000e+02
1.867500000000000000e+02
1.279414062500000000e+02
1.867500000000000000e+02
1.413476562500000000e+02
1.867500000000000000e+02
1.558710937500000000e+02
1.852500000000000000e+02
1.424648437500000000e+02
1.912500000000000000e+02
1.279414062500000000e+02
1.942500000000000000e+02
1.134179687500000000e+02
1.927500000000000000e+02
