8.151562500000000000e+01
1.138359375000000000e+02
8.035937500000000000e+01
1.315390625000000000e+02
7.804687500000000000e+01
1.508515625000000000e+02
8.035937500000000000e+01
1.701640625000000000e+02
8.382812500000000000e+01
1.894765625000000000e+02
8.960937500000000000e+01
2.071796875000000000e+02
9.770312500000000000e+01
2.232734375000000000e+02
1.057968750000000000e+02
2.377578125000000000e+02
1.196718750000000000e+02
2.409765625000000000e+02
1.381718750000000000e+02
2.409765625000000000e+02
1.566718750000000000e+02
2.393671875000000000e+02
1.774843750000000000e+02
2.313203125000000000e+02
1.936718750000000000e+02
2.200546875000000000e+02
2.075468750000000000e+02
2.023515625000000000e+02
2.167968750000000000e+02
1.766015625000000000e+02
2.179531250000000000e+02
1.492421875000000000e+02
2.179531250000000000e+02
1.186640625000000000e+02
8.151562500000000000e+01
1.009609375000000000e+02
8.729687500000000000e+01
9.774218750000000000e+01
9.307812500000000000e+01
9.935156250000000000e+01
1.000156250000000000e+02
1.017656250000000000e+02
1.069531250000000000e+02
1.041796875000000000e+02
1.358593750000000000e+02
1.017656250000000000e+02
1.474218750000000000e+02
9.935156250000000000e+01
1.624531250000000000e+02
9.613281250000000000e+01
1.797968750000000000e+02
9.854687500000000000e+01
1.925156250000000000e+02
1.057890625000000000e+02
1.185156250000000000e+02
1.186640625000000000e+02
1.150468750000000000e+02
1.315390625000000000e+02
1.115781250000000000e+02
1.444140625000000000e+02
1.081093750000000000e+02
1.572890625000000000e+02
1.023281250000000000e+02
1.637265625000000000e+02
1.081093750000000000e+02
1.669453125000000000e+02
1.138906250000000000e+02
1.685546875000000000e+02
1.231406250000000000e+02
1.669453125000000000e+02
1.323906250000000000e+02
1.669453125000000000e+02
8.614062500000000000e+01
1.202734375000000000e+02
9.076562500000000000e+01
1.154453125000000000e+02
1.046406250000000000e+02
1.154453125000000000e+02
1.104218750000000000e+02
1.218828125000000000e+02
1.034843750000000000e+02
1.251015625000000000e+02
9.076562500000000000e+01
1.251015625000000000e+02
1.427968750000000000e+02
1.218828125000000000e+02
1.497343750000000000e+02
1.154453125000000000e+02
1.670781250000000000e+02
1.154453125000000000e+02
1.740156250000000000e+02
1.202734375000000000e+02
1.659218750000000000e+02
1.234921875000000000e+02
1.508906250000000000e+02
1.251015625000000000e+02
9.885937500000000000e+01
1.894765625000000000e+02
1.046406250000000000e+02
1.846484375000000000e+02
1.104218750000000000e+02
1.830390625000000000e+02
1.150468750000000000e+02
1.830390625000000000e+02
1.196718750000000000e+02
1.830390625000000000e+02
1.358593750000000000e+02
1.862578125000000000e+02
1.532031250000000000e+02
1.926953125000000000e+02
1.416406250000000000e+02
1.991328125000000000e+02
1.289218750000000000e+02
2.071796875000000000e+02
1.173593750000000000e+02
2.087890625000000000e+02
1.092656250000000000e+02
2.055703125000000000e+02
1.034843750000000000e+02
1.991328125000000000e+02
1.011718750000000000e+02
1.910859375000000000e+02
1.081093750000000000e+02
1.894765625000000000e+02
1.150468750000000000e+02
1.894765625000000000e+02
1.335468750000000000e+02
1.910859375000000000e+02
1.520468750000000000e+02
1.926953125000000000e+02
1.335468750000000000e+02
1.959140625000000000e+02
1.173593750000000000e+02
1.991328125000000000e+02
1.092656250000000000e+02
1.959140625000000000e+02
